1.000000000 0.000000000 0.000000000 0.000000000 0.000000000 1.000000000 0.000000000 0.000000000 0.000000000 0.000000000 1.000000000 0.000000000
0.999539733 0.029992502 -0.004555714 -0.009264201 -0.029820407 0.998975396 0.034043171 0.072203800 0.005572086 -0.033891648 0.999409974 0.055964027
0.998845696 0.042691182 -0.022017714 -0.029968124 -0.041567847 0.997924805 0.049175169 0.133760124 0.024071369 -0.048203178 0.998547435 0.125846833
0.997603834 0.060721982 -0.033156827 -0.019285236 -0.059063677 0.997056246 0.048891194 0.144512981 0.036027990 -0.046815682 0.998253584 0.158428386
0.997251689 0.067157403 -0.031288169 -0.024582110 -0.065581694 0.996647060 0.048925020 0.164387196 0.034468938 -0.046738628 0.998312294 0.157803237
0.996089280 0.070742399 -0.052930769 -0.067658670 -0.068440050 0.996679366 0.044115845 0.130204454 0.055875868 -0.040320735 0.997623265 0.147747666
0.991646707 0.082105808 -0.099476069 -0.141388908 -0.079496734 0.996385992 0.029920828 0.086304344 0.101573236 -0.021762867 0.994589984 0.100120731
0.981428444 0.093570590 -0.167459786 -0.251108408 -0.092468597 0.995611727 0.014383524 0.038869407 0.168070808 0.001368373 0.985773981 0.048885223
0.976843059 0.085606612 -0.196084559 -0.329931319 -0.086703084 0.996229649 0.003001465 0.021659866 0.195602208 0.014069177 0.980582416 0.005727254
0.968223453 0.091972142 -0.232560694 -0.407165766 -0.092702635 0.995663226 0.007810507 0.024963580 0.232270479 0.013996674 0.972550511 -0.043672759
0.959075153 0.085935622 -0.269796133 -0.490234703 -0.087685354 0.996132553 0.005583604 0.025829198 0.269232541 0.018302074 0.962901294 -0.081419118
0.941881895 0.083345354 -0.325441241 -0.606538355 -0.084666826 0.996357858 0.010126703 -0.004082941 0.325099945 0.018015919 0.945508063 -0.167059258
0.926442921 0.083761901 -0.366997838 -0.744475484 -0.087686054 0.996130109 0.005999004 -0.005841552 0.366080076 0.026622856 0.930202484 -0.233050406
0.906774938 0.084550232 -0.413050264 -0.883216143 -0.091460302 0.995804012 0.003054238 0.004794752 0.411575347 0.035008196 0.910703123 -0.293804049
0.857336402 0.092941798 -0.506296396 -1.196039557 -0.103412703 0.994610608 0.007468750 0.025851624 0.504261792 0.045954265 0.862327218 -0.449794024
0.787904859 0.102816932 -0.607152760 -1.489837050 -0.113796033 0.993291914 0.020533159 0.078745216 0.605191231 0.052913409 0.794319689 -0.644776702
0.682220817 0.101142637 -0.724116564 -1.888449192 -0.109780505 0.993328214 0.035316523 0.121163584 0.722857416 0.055400237 0.688772738 -0.930581152
0.614651442 0.069794528 -0.785704970 -2.279397488 -0.074520588 0.996760666 0.030245790 0.118129879 0.785270810 0.039960559 0.617861569 -1.073903918
0.684660971 0.066963241 -0.725779116 -2.618266106 -0.046904936 0.997754574 0.047809180 0.186146930 0.727350712 0.001309538 0.686264515 -0.998201430
0.693334579 0.067939907 -0.717405975 -2.959533691 -0.047651373 0.997689188 0.048430845 0.215550572 0.719038606 0.000606598 0.694969893 -1.017537594
0.683371246 0.057053264 -0.727838278 -3.156864643 -0.033285264 0.998339951 0.047005434 0.211364985 0.729311824 -0.007895873 0.684135973 -1.050154686
0.689213157 0.060835402 -0.722000182 -3.195467234 -0.038914990 0.998138666 0.046954911 0.234216884 0.723512828 -0.004265309 0.690297782 -1.023553491
0.672079623 0.064353526 -0.737677038 -3.245827675 -0.041184317 0.997922897 0.049534839 0.249667436 0.739332557 -0.002910631 0.673334122 -1.091979265
0.648002863 0.068399221 -0.758560300 -3.373088121 -0.047081225 0.997651875 0.049738750 0.243240714 0.760181367 0.003483103 0.649701774 -1.212192059
0.625119269 0.078920223 -0.776529074 -3.471652746 -0.053895026 0.996864974 0.057926979 0.268341720 0.778666258 0.005639790 0.627413034 -1.296818972
0.600521147 0.091845982 -0.794316411 -3.540922165 -0.054469295 0.995772541 0.073960125 0.340058059 0.797751427 -0.001148769 0.602985442 -1.349086523
0.584318161 0.089981548 -0.806520641 -3.610249519 -0.046277381 0.995911181 0.077583790 0.311856687 0.810204029 -0.008009953 0.586093187 -1.418333888
0.549727321 0.078611411 -0.831637025 -3.773906946 -0.033779308 0.996839821 0.071898639 0.297982365 0.834660888 -0.011432523 0.550645590 -1.535070658
0.501612306 0.086642355 -0.860742688 -3.881374121 -0.035958625 0.996200264 0.079322010 0.354080260 0.864344835 -0.008837772 0.502821863 -1.725208640
0.448374659 0.084196009 -0.889871478 -4.042128563 -0.035439141 0.996445477 0.076423086 0.349284053 0.893142939 -0.002729900 0.449764669 -1.788558722
0.399298400 0.085689232 -0.912807822 -4.209272385 -0.034849018 0.996321738 0.078284688 0.366605401 0.916158497 0.000551502 0.400815874 -1.748229027
0.345551729 0.089605466 -0.934111774 -4.388178349 -0.027433638 0.995969832 0.085390836 0.406234622 0.937998593 -0.003880860 0.346617222 -1.722984552
0.281275153 0.095449790 -0.954868436 -4.516656876 -0.031557109 0.995422781 0.090207905 0.430169761 0.959108114 0.004759648 0.282999873 -1.740960240
0.217032701 0.096646488 -0.971368194 -4.663904667 -0.016614901 0.995308340 0.095316157 0.456804395 0.976022899 -0.004547532 0.217620239 -1.911603808
0.161652893 0.115006998 -0.980123341 -5.057870865 -0.034278821 0.993241072 0.110892564 0.530505776 0.986252129 0.015671365 0.164502561 -2.187124014
0.166834518 0.114584051 -0.979304135 -5.382516861 -0.034266509 0.993298173 0.110383749 0.535694301 0.985389292 0.015141522 0.169642791 -2.306413174
0.214391753 0.123138227 -0.968954682 -5.676215649 -0.020826677 0.992372215 0.121506080 0.574931145 0.976525664 -0.005869790 0.215320975 -2.348252773
0.220730782 0.114664920 -0.968571067 -5.994707108 -0.019507200 0.993385613 0.113157056 0.567433000 0.975139797 -0.006083132 0.221507549 -2.383819342
0.236607939 0.100467935 -0.966396809 -6.267292500 -0.010462238 0.994845271 0.100863941 0.553115666 0.971548796 -0.013754535 0.236439422 -2.332623959
0.241808936 0.099761002 -0.965181947 -6.534838200 -0.012211720 0.994934857 0.099776857 0.553764403 0.970246971 -0.012340401 0.241802424 -2.328989983
0.264908850 0.098794766 -0.959199071 -6.805290222 -0.010403171 0.994972587 0.099606201 0.607428074 0.964217305 -0.016407855 0.264604807 -2.440690041
0.330754966 0.110551767 -0.937219024 -7.210176468 -0.019660806 0.993706465 0.110276349 0.668366194 0.943511784 -0.018047972 0.330846906 -2.604128599
0.369172931 0.098164767 -0.924161732 -7.637965202 -0.012135961 0.994830310 0.100823276 0.672261953 0.929281473 -0.026005628 0.368455768 -2.813845634
0.395093888 0.097230420 -0.913480818 -7.978948593 -0.008156432 0.994715035 0.102349170 0.681098938 0.918604493 -0.032986794 0.393798858 -2.954312563
0.405738175 0.106626227 -0.907748580 -8.286573410 -0.013896051 0.993776798 0.110520124 0.733740389 0.913883686 -0.032228123 0.404694825 -3.032626629
0.409124225 0.093472920 -0.907678485 -8.732124329 -0.000936856 0.994781852 0.102020577 0.770027757 0.912478209 -0.040888723 0.407076925 -3.054802179
0.405504793 0.081114091 -0.910486937 -9.254224777 -0.002535139 0.996151030 0.087616727 0.754576087 0.914089382 -0.033220790 0.404149592 -3.049564838
0.390622914 0.074469894 -0.917533636 -9.688987732 -0.002191967 0.996794879 0.079969808 0.745716810 0.920548201 -0.029226830 0.389534086 -3.075513124
0.389231414 0.090413928 -0.916692019 -10.144359589 -0.025033128 0.995841920 0.087591350 0.839988112 0.920799851 -0.011145636 0.389876246 -3.195397377
0.454659551 0.090583727 -0.886047006 -10.879557610 -0.047920372 0.995861709 0.077220954 0.868916512 0.889375269 0.007350449 0.457118869 -3.312400103
0.508262873 0.082402512 -0.857250571 -11.527600288 -0.033527225 0.996550560 0.075914353 0.842038572 0.860549092 -0.009843213 0.509272397 -3.398496151
0.548797727 0.090501286 -0.831041932 -12.075839996 -0.039686881 0.995822132 0.082237870 0.914285362 0.835012615 -0.012150496 0.550096691 -3.356261730
0.565345705 0.088940255 -0.820044994 -12.808820724 -0.032525335 0.995800495 0.085579038 0.995998919 0.824212551 -0.021709505 0.565864205 -3.286996365
0.563339055 0.060184106 -0.824030936 -13.532632828 -0.017193966 0.997981429 0.061134331 0.925834358 0.826046884 -0.020270996 0.563236833 -3.219271660
0.574103296 0.073621199 -0.815466285 -14.146305084 -0.031984545 0.997205734 0.067511119 1.013344407 0.818157911 -0.012676046 0.574853837 -3.158246040
0.625780463 0.087981336 -0.775021374 -15.129314423 -0.059984390 0.996103764 0.064645320 1.107507944 0.777689397 0.006035410 0.628619850 -3.198651791
0.663015008 0.070993744 -0.745232165 -15.790721893 -0.056798048 0.997394145 0.044483818 1.075698495 0.746448338 0.012834298 0.665319622 -3.148745060
0.636981845 0.080347821 -0.766680002 -16.269615173 -0.062394589 0.996663928 0.052610666 1.136488438 0.768349528 0.014324650 0.639870107 -3.116354465
0.506011069 0.067150339 -0.859909117 -17.090774536 -0.061773825 0.997226059 0.041522797 1.147869349 0.860312045 0.032108881 0.508755565 -2.927919865
0.460753679 0.073560379 -0.884474397 -17.511672974 -0.048735641 0.997152686 0.057543587 1.122702599 0.886188984 0.016592013 0.463026792 -2.757538319
0.500959694 0.084242709 -0.861360908 -18.006526947 -0.059311375 0.996253312 0.062940486 1.191880703 0.863435924 0.019557856 0.504079282 -2.631052017
0.574337423 0.088375650 -0.813834369 -18.896968842 -0.072862938 0.995728552 0.056707177 1.200517893 0.815369666 0.026729308 0.578323424 -2.563166618
0.599976778 0.104569338 -0.793154001 -19.370693207 -0.074100547 0.994422615 0.075051673 1.262679815 0.796578407 0.013743891 0.604379058 -2.487304688
0.594827116 0.117950819 -0.795153081 -20.067113876 -0.071072333 0.993019283 0.094134964 1.420799255 0.800705552 0.000519361 0.599057734 -2.245756149
0.557178497 0.114479229 -0.822463751 -20.294586182 -0.129086435 0.990351796 0.050398007 2.392295361 0.820298076 0.078088239 0.566580296 -2.165515900
0.504312396 0.087113440 -0.859115839 -21.093647003 -0.055637840 0.996109128 0.068344243 1.381944776 0.861727118 0.013332505 0.507196903 -1.959860802
0.503459871 0.090494111 -0.859266460 -21.704919815 -0.067479879 0.995580614 0.065312415 1.462948322 0.861379445 0.025101036 0.507341504 -1.897369385
0.531849086 0.085947469 -0.842466354 -22.461605072 -0.070488885 0.995876908 0.057098612 1.423446655 0.843900383 0.029016675 0.535714567 -1.827024460
0.539595723 0.072480485 -0.838798523 -23.025798798 -0.060994249 0.997034788 0.046916332 1.459241629 0.839712024 0.025846045 0.542416573 -1.657601357
0.524983048 0.073382400 -0.847943187 -23.971027374 -0.039169975 0.997303605 0.062057171 1.265317798 0.850210786 0.000634953 0.526441872 -1.695088387
0.382849336 0.060466483 -0.921829700 -24.340040207 -0.043074787 0.997938752 0.047569174 1.524319291 0.922805965 0.021495793 0.384664714 -1.136116982
0.382849336 0.060466483 -0.921829700 -24.340040207 -0.043074787 0.997938752 0.047569174 1.524319291 0.922805965 0.021495793 0.384664714 -1.136116982
0.238259614 0.078661822 -0.968010604 -25.863580704 -0.100611180 0.993350923 0.055957258 2.413958073 0.965976059 0.084060356 0.244589627 -1.443504810
0.238259614 0.078661822 -0.968010604 -25.863580704 -0.100611180 0.993350923 0.055957258 2.413958073 0.965976059 0.084060356 0.244589627 -1.443504810
0.238259614 0.078661822 -0.968010604 -25.863580704 -0.100611180 0.993350923 0.055957258 2.413958073 0.965976059 0.084060356 0.244589627 -1.443504810
0.238259614 0.078661822 -0.968010604 -25.863580704 -0.100611180 0.993350923 0.055957258 2.413958073 0.965976059 0.084060356 0.244589627 -1.443504810
0.238259614 0.078661822 -0.968010604 -25.863580704 -0.100611180 0.993350923 0.055957258 2.413958073 0.965976059 0.084060356 0.244589627 -1.443504810
0.238259614 0.078661822 -0.968010604 -25.863580704 -0.100611180 0.993350923 0.055957258 2.413958073 0.965976059 0.084060356 0.244589627 -1.443504810
0.238259614 0.078661822 -0.968010604 -25.863580704 -0.100611180 0.993350923 0.055957258 2.413958073 0.965976059 0.084060356 0.244589627 -1.443504810
0.238259614 0.078661822 -0.968010604 -25.863580704 -0.100611180 0.993350923 0.055957258 2.413958073 0.965976059 0.084060356 0.244589627 -1.443504810
0.238259614 0.078661822 -0.968010604 -25.863580704 -0.100611180 0.993350923 0.055957258 2.413958073 0.965976059 0.084060356 0.244589627 -1.443504810
0.238259614 0.078661822 -0.968010604 -25.863580704 -0.100611180 0.993350923 0.055957258 2.413958073 0.965976059 0.084060356 0.244589627 -1.443504810
0.238259614 0.078661822 -0.968010604 -25.863580704 -0.100611180 0.993350923 0.055957258 2.413958073 0.965976059 0.084060356 0.244589627 -1.443504810
0.238259614 0.078661822 -0.968010604 -25.863580704 -0.100611180 0.993350923 0.055957258 2.413958073 0.965976059 0.084060356 0.244589627 -1.443504810
0.238259614 0.078661822 -0.968010604 -25.863580704 -0.100611180 0.993350923 0.055957258 2.413958073 0.965976059 0.084060356 0.244589627 -1.443504810
0.238259614 0.078661822 -0.968010604 -25.863580704 -0.100611180 0.993350923 0.055957258 2.413958073 0.965976059 0.084060356 0.244589627 -1.443504810
0.238259614 0.078661822 -0.968010604 -25.863580704 -0.100611180 0.993350923 0.055957258 2.413958073 0.965976059 0.084060356 0.244589627 -1.443504810
0.238259614 0.078661822 -0.968010604 -25.863580704 -0.100611180 0.993350923 0.055957258 2.413958073 0.965976059 0.084060356 0.244589627 -1.443504810
0.238259614 0.078661822 -0.968010604 -25.863580704 -0.100611180 0.993350923 0.055957258 2.413958073 0.965976059 0.084060356 0.244589627 -1.443504810
0.238259614 0.078661822 -0.968010604 -25.863580704 -0.100611180 0.993350923 0.055957258 2.413958073 0.965976059 0.084060356 0.244589627 -1.443504810
0.238259614 0.078661822 -0.968010604 -25.863580704 -0.100611180 0.993350923 0.055957258 2.413958073 0.965976059 0.084060356 0.244589627 -1.443504810
0.238259614 0.078661822 -0.968010604 -25.863580704 -0.100611180 0.993350923 0.055957258 2.413958073 0.965976059 0.084060356 0.244589627 -1.443504810
0.238259614 0.078661822 -0.968010604 -25.863580704 -0.100611180 0.993350923 0.055957258 2.413958073 0.965976059 0.084060356 0.244589627 -1.443504810
0.238259614 0.078661822 -0.968010604 -25.863580704 -0.100611180 0.993350923 0.055957258 2.413958073 0.965976059 0.084060356 0.244589627 -1.443504810
0.238259614 0.078661822 -0.968010604 -25.863580704 -0.100611180 0.993350923 0.055957258 2.413958073 0.965976059 0.084060356 0.244589627 -1.443504810
0.238259614 0.078661822 -0.968010604 -25.863580704 -0.100611180 0.993350923 0.055957258 2.413958073 0.965976059 0.084060356 0.244589627 -1.443504810
0.238259614 0.078661822 -0.968010604 -25.863580704 -0.100611180 0.993350923 0.055957258 2.413958073 0.965976059 0.084060356 0.244589627 -1.443504810
0.238259614 0.078661822 -0.968010604 -25.863580704 -0.100611180 0.993350923 0.055957258 2.413958073 0.965976059 0.084060356 0.244589627 -1.443504810
0.238259614 0.078661822 -0.968010604 -25.863580704 -0.100611180 0.993350923 0.055957258 2.413958073 0.965976059 0.084060356 0.244589627 -1.443504810
0.238259614 0.078661822 -0.968010604 -25.863580704 -0.100611180 0.993350923 0.055957258 2.413958073 0.965976059 0.084060356 0.244589627 -1.443504810
0.238259614 0.078661822 -0.968010604 -25.863580704 -0.100611180 0.993350923 0.055957258 2.413958073 0.965976059 0.084060356 0.244589627 -1.443504810
0.238259614 0.078661822 -0.968010604 -25.863580704 -0.100611180 0.993350923 0.055957258 2.413958073 0.965976059 0.084060356 0.244589627 -1.443504810
0.238259614 0.078661822 -0.968010604 -25.863580704 -0.100611180 0.993350923 0.055957258 2.413958073 0.965976059 0.084060356 0.244589627 -1.443504810
0.238259614 0.078661822 -0.968010604 -25.863580704 -0.100611180 0.993350923 0.055957258 2.413958073 0.965976059 0.084060356 0.244589627 -1.443504810
0.238259614 0.078661822 -0.968010604 -25.863580704 -0.100611180 0.993350923 0.055957258 2.413958073 0.965976059 0.084060356 0.244589627 -1.443504810
0.238259614 0.078661822 -0.968010604 -25.863580704 -0.100611180 0.993350923 0.055957258 2.413958073 0.965976059 0.084060356 0.244589627 -1.443504810
0.238259614 0.078661822 -0.968010604 -25.863580704 -0.100611180 0.993350923 0.055957258 2.413958073 0.965976059 0.084060356 0.244589627 -1.443504810
0.238259614 0.078661822 -0.968010604 -25.863580704 -0.100611180 0.993350923 0.055957258 2.413958073 0.965976059 0.084060356 0.244589627 -1.443504810
0.238259614 0.078661822 -0.968010604 -25.863580704 -0.100611180 0.993350923 0.055957258 2.413958073 0.965976059 0.084060356 0.244589627 -1.443504810
0.238259614 0.078661822 -0.968010604 -25.863580704 -0.100611180 0.993350923 0.055957258 2.413958073 0.965976059 0.084060356 0.244589627 -1.443504810
0.238259614 0.078661822 -0.968010604 -25.863580704 -0.100611180 0.993350923 0.055957258 2.413958073 0.965976059 0.084060356 0.244589627 -1.443504810
0.238259614 0.078661822 -0.968010604 -25.863580704 -0.100611180 0.993350923 0.055957258 2.413958073 0.965976059 0.084060356 0.244589627 -1.443504810
0.238259614 0.078661822 -0.968010604 -25.863580704 -0.100611180 0.993350923 0.055957258 2.413958073 0.965976059 0.084060356 0.244589627 -1.443504810
0.238259614 0.078661822 -0.968010604 -25.863580704 -0.100611180 0.993350923 0.055957258 2.413958073 0.965976059 0.084060356 0.244589627 -1.443504810
0.238259614 0.078661822 -0.968010604 -25.863580704 -0.100611180 0.993350923 0.055957258 2.413958073 0.965976059 0.084060356 0.244589627 -1.443504810
0.238259614 0.078661822 -0.968010604 -25.863580704 -0.100611180 0.993350923 0.055957258 2.413958073 0.965976059 0.084060356 0.244589627 -1.443504810
0.238259614 0.078661822 -0.968010604 -25.863580704 -0.100611180 0.993350923 0.055957258 2.413958073 0.965976059 0.084060356 0.244589627 -1.443504810
0.238259614 0.078661822 -0.968010604 -25.863580704 -0.100611180 0.993350923 0.055957258 2.413958073 0.965976059 0.084060356 0.244589627 -1.443504810
0.238259614 0.078661822 -0.968010604 -25.863580704 -0.100611180 0.993350923 0.055957258 2.413958073 0.965976059 0.084060356 0.244589627 -1.443504810
0.238259614 0.078661822 -0.968010604 -25.863580704 -0.100611180 0.993350923 0.055957258 2.413958073 0.965976059 0.084060356 0.244589627 -1.443504810
0.238259614 0.078661822 -0.968010604 -25.863580704 -0.100611180 0.993350923 0.055957258 2.413958073 0.965976059 0.084060356 0.244589627 -1.443504810
0.238259614 0.078661822 -0.968010604 -25.863580704 -0.100611180 0.993350923 0.055957258 2.413958073 0.965976059 0.084060356 0.244589627 -1.443504810
0.238259614 0.078661822 -0.968010604 -25.863580704 -0.100611180 0.993350923 0.055957258 2.413958073 0.965976059 0.084060356 0.244589627 -1.443504810
0.238259614 0.078661822 -0.968010604 -25.863580704 -0.100611180 0.993350923 0.055957258 2.413958073 0.965976059 0.084060356 0.244589627 -1.443504810
0.238259614 0.078661822 -0.968010604 -25.863580704 -0.100611180 0.993350923 0.055957258 2.413958073 0.965976059 0.084060356 0.244589627 -1.443504810
0.238259614 0.078661822 -0.968010604 -25.863580704 -0.100611180 0.993350923 0.055957258 2.413958073 0.965976059 0.084060356 0.244589627 -1.443504810
0.238259614 0.078661822 -0.968010604 -25.863580704 -0.100611180 0.993350923 0.055957258 2.413958073 0.965976059 0.084060356 0.244589627 -1.443504810
0.238259614 0.078661822 -0.968010604 -25.863580704 -0.100611180 0.993350923 0.055957258 2.413958073 0.965976059 0.084060356 0.244589627 -1.443504810
0.238259614 0.078661822 -0.968010604 -25.863580704 -0.100611180 0.993350923 0.055957258 2.413958073 0.965976059 0.084060356 0.244589627 -1.443504810
0.238259614 0.078661822 -0.968010604 -25.863580704 -0.100611180 0.993350923 0.055957258 2.413958073 0.965976059 0.084060356 0.244589627 -1.443504810
0.238259614 0.078661822 -0.968010604 -25.863580704 -0.100611180 0.993350923 0.055957258 2.413958073 0.965976059 0.084060356 0.244589627 -1.443504810
0.238259614 0.078661822 -0.968010604 -25.863580704 -0.100611180 0.993350923 0.055957258 2.413958073 0.965976059 0.084060356 0.244589627 -1.443504810
0.238259614 0.078661822 -0.968010604 -25.863580704 -0.100611180 0.993350923 0.055957258 2.413958073 0.965976059 0.084060356 0.244589627 -1.443504810
0.238259614 0.078661822 -0.968010604 -25.863580704 -0.100611180 0.993350923 0.055957258 2.413958073 0.965976059 0.084060356 0.244589627 -1.443504810
0.238259614 0.078661822 -0.968010604 -25.863580704 -0.100611180 0.993350923 0.055957258 2.413958073 0.965976059 0.084060356 0.244589627 -1.443504810
0.238259614 0.078661822 -0.968010604 -25.863580704 -0.100611180 0.993350923 0.055957258 2.413958073 0.965976059 0.084060356 0.244589627 -1.443504810
0.238259614 0.078661822 -0.968010604 -25.863580704 -0.100611180 0.993350923 0.055957258 2.413958073 0.965976059 0.084060356 0.244589627 -1.443504810
0.238259614 0.078661822 -0.968010604 -25.863580704 -0.100611180 0.993350923 0.055957258 2.413958073 0.965976059 0.084060356 0.244589627 -1.443504810
0.238259614 0.078661822 -0.968010604 -25.863580704 -0.100611180 0.993350923 0.055957258 2.413958073 0.965976059 0.084060356 0.244589627 -1.443504810
0.238259614 0.078661822 -0.968010604 -25.863580704 -0.100611180 0.993350923 0.055957258 2.413958073 0.965976059 0.084060356 0.244589627 -1.443504810
0.976319134 0.133819908 0.169979632 -0.917351246 -0.160930634 0.974356174 0.157262385 0.989706874 -0.144575894 -0.180893213 0.972818315 -3.558057070
0.986855984 0.160922885 0.014798045 -1.445178986 -0.160986230 0.970980823 0.176860631 1.040773034 0.014092267 -0.176918298 0.984124660 -2.963306427
0.975145102 0.189724535 -0.114440858 -1.934762120 -0.165971622 0.967656791 0.189983055 1.108875275 0.146783948 -0.166267112 0.975094795 -2.477641582
0.963403583 0.213858277 -0.161611378 -2.503600597 -0.179740891 0.962665677 0.202405348 1.233612180 0.198863864 -0.165949866 0.965874612 -2.119549036
0.941589177 0.215735078 -0.258589149 -3.242773771 -0.164991885 0.964918256 0.204231828 1.277808785 0.293577284 -0.149637371 0.944150984 -1.932829499
0.893921375 0.230069339 -0.384672135 -4.017846107 -0.162792623 0.966258824 0.199605629 1.265442371 0.417615980 -0.115809947 0.901212990 -1.664939404
0.844463050 0.243147880 -0.477243483 -4.630558014 -0.156888127 0.964229584 0.213652283 1.342398047 0.512121439 -0.105547599 0.852403283 -1.460520267
0.769031346 0.253688455 -0.586713612 -5.283629417 -0.160733789 0.965126395 0.206629127 1.324146271 0.618672311 -0.064599559 0.782988906 -1.325150251
0.678785622 0.270225078 -0.682809234 -5.935543537 -0.163147807 0.962087452 0.218564391 1.360251307 0.715983868 -0.036959533 0.697137773 -1.491943121
0.604876339 0.268140107 -0.749817073 -7.018259048 -0.162583694 0.963353515 0.213346288 1.404972911 0.779545546 -0.007140055 0.626304865 -1.737827778
0.529318392 0.268845826 -0.804701149 -7.788078308 -0.164644033 0.962985456 0.213427663 1.384833336 0.832294583 0.019518066 0.553989828 -1.968269348
0.455636680 0.272068858 -0.847569346 -8.481153488 -0.163464859 0.961528957 0.220774263 1.462550402 0.875028312 0.037954960 0.482581496 -2.061567307
0.342045605 0.253874213 -0.904739141 -9.284534454 -0.163585097 0.964198351 0.208713859 1.401701212 0.925334930 0.076612167 0.371329874 -2.223011494
0.293725073 0.249291614 -0.922810495 -9.983242035 -0.164623588 0.964162111 0.208063737 1.419319868 0.941607475 0.090802819 0.324237883 -2.342087746
0.408543199 0.255401671 -0.876277566 -10.829980850 -0.205780730 0.961108506 0.184186414 1.478212476 0.889239371 0.105072960 0.445211172 -2.339201689
0.333261192 0.250679433 -0.908898830 -11.885132790 -0.179060549 0.963289738 0.200025558 1.479032040 0.925674975 0.096087143 0.365913868 -2.522177219
0.281886578 0.255671650 -0.924755096 -12.358598709 -0.173186034 0.961567879 0.213058397 1.551220655 0.943687677 0.100096375 0.315331876 -2.522671223
0.252123982 0.230393425 -0.939868212 -13.200957298 -0.161506474 0.967640340 0.193876445 1.529667616 0.954122066 0.102913901 0.281175345 -2.500266790
0.214134678 0.211044759 -0.953732908 -13.931485176 -0.147259295 0.972196519 0.182067424 1.483638406 0.965640247 0.101459071 0.239259273 -2.403476954
0.169808328 0.222466007 -0.960038483 -14.670255661 -0.146670282 0.969041765 0.198609754 1.624992132 0.974501431 0.107083529 0.197180495 -2.317590714
0.196484298 0.226731822 -0.953932166 -15.594791412 -0.148577616 0.968547106 0.199602544 1.629738688 0.969184637 0.102514192 0.223991543 -2.170953274
0.105232194 0.253079563 -0.961705208 -16.477441788 -0.130201072 0.962256312 0.238977656 1.733899117 0.985887468 0.100066885 0.134211585 -2.159955502
0.004912021 0.222852066 -0.974839926 -17.230388641 -0.116746016 0.968313098 0.220771745 1.700320482 0.993149638 0.112724245 0.030773465 -2.138416767
-0.062888287 0.209011495 -0.975888908 -17.817255020 -0.112741262 0.970077634 0.215032101 1.658092022 0.991632223 0.123545952 -0.037442297 -2.096020699
-0.085528389 0.216616258 -0.972503066 -18.490447998 -0.119009405 0.966870427 0.225828096 1.765086889 0.989202559 0.135051727 -0.056915496 -2.081129074
-0.063009784 0.222801030 -0.972825527 -19.236589432 -0.135139853 0.963879943 0.229505286 1.716115952 0.988821089 0.145928577 -0.030624561 -2.022909403
-0.053128365 0.236611322 -0.970150769 -19.691219330 -0.119567871 0.963026047 0.241421565 1.720894814 0.991403461 0.128825203 -0.022872889 -1.964943171
