1.000000000 0.000000000 0.000000000 0.000000000 0.000000000 1.000000000 0.000000000 0.000000000 0.000000000 0.000000000 1.000000000 0.000000000
0.994764924 0.003722888 -0.102122150 -0.229395136 -0.002653144 0.999940217 0.010608969 0.026998674 0.102155536 -0.010282486 0.994715273 0.111201420
0.987516403 0.019414816 -0.156315178 -0.461267531 -0.018802168 0.999808669 0.005397144 0.021602508 0.156390026 -0.002390705 0.987692475 0.179845244
0.971622765 0.044951241 -0.232224971 -0.628544033 -0.045274016 0.998966813 0.003942386 0.032862902 0.232162237 0.006683246 0.972654104 0.193217143
0.981951654 0.103046231 -0.158595324 -0.792789578 -0.111431815 0.992757261 -0.044898838 0.075283296 0.152819991 0.061761051 0.986322284 0.195331380
0.992326498 0.090926044 -0.083788514 -0.925448060 -0.096337073 0.993355095 -0.062967867 0.047056086 0.077506304 0.070556618 0.994492054 0.212507844
0.951052904 0.052456036 -0.304543406 -1.146337986 -0.068110310 0.996834934 -0.041000701 0.044715725 0.301428765 0.059736371 0.951615632 0.201188833
0.918216825 0.069087468 -0.390006274 -1.472886682 -0.085097112 0.996086061 -0.023898402 0.091049105 0.386828721 0.055132315 0.920501947 0.181585997
0.952182770 0.118722059 -0.281519264 -1.793907285 -0.133701593 0.990419626 -0.034540109 0.086065054 0.274721503 0.070528075 0.958933711 0.181834191
0.957662821 0.089943357 -0.273481190 -2.069149971 -0.101578332 0.994414747 -0.028655738 0.093723118 0.269376308 0.055222303 0.961450398 0.225168049
0.828107059 0.065821089 -0.556692123 -2.339392185 -0.097883999 0.994804263 -0.027985537 0.118072309 0.551957607 0.077666275 0.830247343 0.231173754
0.786657274 0.089429542 -0.610878646 -2.727291107 -0.127049848 0.991725206 -0.018424537 0.162938654 0.604176044 0.092105836 0.791509867 0.207135797
0.871016324 0.102996096 -0.480335623 -3.086526394 -0.130795375 0.991102695 -0.024660274 0.142932147 0.473521948 0.084305152 0.876738071 0.188802600
0.849973857 0.085411385 -0.519855142 -3.488609791 -0.099851072 0.995002389 0.000218735 0.166339636 0.517275751 0.051722176 0.854254544 0.255641222
0.736498415 0.076774448 -0.672068298 -3.833209276 -0.085818321 0.996115088 0.019746704 0.170128882 0.670973420 0.043132357 0.740225852 0.285095096
0.633481860 0.080520399 -0.769556522 -4.277720928 -0.106320567 0.994194925 0.016504068 0.198627263 0.766418099 0.071364671 0.638365448 0.297995090
0.645811439 0.084243171 -0.758835137 -4.756360054 -0.136550784 0.990613401 -0.006238025 0.164279863 0.751186728 0.107648119 0.651252985 0.369351149
0.550505340 0.067420557 -0.832104862 -5.330605984 -0.102105223 0.994688094 0.013042795 0.168778956 0.828564048 0.077782102 0.554465175 0.533217907
0.444447190 0.078832194 -0.892329693 -5.960562229 -0.111393899 0.993252397 0.032265626 0.161415830 0.888852179 0.085059740 0.450229526 0.736341000
0.474360019 0.084029354 -0.876311421 -6.552074909 -0.120625354 0.992249131 0.029850371 0.157140732 0.872027576 0.091545559 0.480819374 0.935006618
0.378329694 0.062346667 -0.923568845 -7.355404377 -0.119518071 0.992667913 0.018052032 0.108318076 0.917922676 0.103553541 0.383007318 1.134053588
0.327332884 0.059621803 -0.943026125 -7.649697304 -0.120375112 0.992507041 0.020966889 0.082843065 0.937210202 0.106653735 0.332057208 1.204966068
0.304991961 0.028553978 -0.951926768 -8.295120239 -0.128539026 0.991638422 -0.011438010 0.090735123 0.943640590 0.125848234 0.306112140 1.363877416
0.266732097 0.014126626 -0.963667154 -8.812950134 -0.090187289 0.995870888 -0.010364103 0.025131859 0.959541678 0.089674950 0.266904771 1.431368589
0.225683600 0.022728169 -0.973935485 -9.319587708 -0.099003933 0.995087028 0.000280246 0.038504049 0.969156921 0.096360199 0.226824999 1.594493032
0.174344450 0.022362592 -0.984430790 -9.831759453 -0.121776283 0.992557108 0.000980387 0.009110644 0.977125645 0.119709410 0.175770074 1.726599097
0.172142774 0.028405955 -0.984662354 -10.421671867 -0.140012920 0.990141273 0.004086365 0.049312830 0.975070834 0.137161985 0.174422905 1.766515493
0.141122758 0.009964904 -0.989941895 -11.065350533 -0.126583934 0.991923153 -0.008060533 -0.007615425 0.981866002 0.126448274 0.141244352 1.702490926
0.019093581 0.009219697 -0.999775171 -11.733341217 -0.153024763 0.988202989 0.006190532 0.006121524 0.988037825 0.152872175 0.020279177 1.576210737
-0.112715058 0.058291312 -0.991916060 -12.354335785 -0.182028085 0.980171919 0.078285672 0.116219759 0.976811707 0.189380497 -0.099869490 1.198836803
-0.222716570 0.046446294 -0.973776162 -12.712450981 -0.179437712 0.979845643 0.087775767 0.113758683 0.958227158 0.194281310 -0.209893644 0.829779148
-0.368994564 0.029162224 -0.928973913 -12.975349426 -0.157022864 0.983184159 0.093234502 0.117668867 0.916071415 0.180273175 -0.358210564 0.504824162
-0.494325727 0.013804146 -0.869167089 -12.911093712 -0.180436030 0.976467311 0.118128560 0.198524237 0.850344002 0.215223044 -0.480202198 0.007454395
-0.668151200 -0.028129518 -0.743493557 -12.620171547 -0.173142627 0.977729142 0.118605465 0.241450191 0.723599076 0.207976803 -0.658141375 -0.497729778
-0.862425506 -0.042604670 -0.504387975 -12.202815056 -0.136884108 0.978954971 0.151360273 0.337976873 0.487324357 0.199579671 -0.850107551 -0.938959122
-0.947012186 -0.089219004 -0.308557719 -11.853225708 -0.142863423 0.977393568 0.155858412 0.340545058 0.287676871 0.191681370 -0.938349783 -1.141972780
-0.989985883 -0.115191899 -0.081601217 -11.535293579 -0.127732396 0.977064073 0.170382708 0.299721271 0.060102925 0.179099590 -0.981993496 -1.233873487
-0.989985883 -0.115191899 -0.081601217 -11.535293579 -0.127732396 0.977064073 0.170382708 0.299721271 0.060102925 0.179099590 -0.981993496 -1.233873487
-0.989985883 -0.115191899 -0.081601217 -11.535293579 -0.127732396 0.977064073 0.170382708 0.299721271 0.060102925 0.179099590 -0.981993496 -1.233873487
-0.989985883 -0.115191899 -0.081601217 -11.535293579 -0.127732396 0.977064073 0.170382708 0.299721271 0.060102925 0.179099590 -0.981993496 -1.233873487
-0.989985883 -0.115191899 -0.081601217 -11.535293579 -0.127732396 0.977064073 0.170382708 0.299721271 0.060102925 0.179099590 -0.981993496 -1.233873487
-0.989985883 -0.115191899 -0.081601217 -11.535293579 -0.127732396 0.977064073 0.170382708 0.299721271 0.060102925 0.179099590 -0.981993496 -1.233873487
-0.989985883 -0.115191899 -0.081601217 -11.535293579 -0.127732396 0.977064073 0.170382708 0.299721271 0.060102925 0.179099590 -0.981993496 -1.233873487
-0.989985883 -0.115191899 -0.081601217 -11.535293579 -0.127732396 0.977064073 0.170382708 0.299721271 0.060102925 0.179099590 -0.981993496 -1.233873487
-0.989985883 -0.115191899 -0.081601217 -11.535293579 -0.127732396 0.977064073 0.170382708 0.299721271 0.060102925 0.179099590 -0.981993496 -1.233873487
-0.989985883 -0.115191899 -0.081601217 -11.535293579 -0.127732396 0.977064073 0.170382708 0.299721271 0.060102925 0.179099590 -0.981993496 -1.233873487
-0.989985883 -0.115191899 -0.081601217 -11.535293579 -0.127732396 0.977064073 0.170382708 0.299721271 0.060102925 0.179099590 -0.981993496 -1.233873487
-0.989985883 -0.115191899 -0.081601217 -11.535293579 -0.127732396 0.977064073 0.170382708 0.299721271 0.060102925 0.179099590 -0.981993496 -1.233873487
-0.989985883 -0.115191899 -0.081601217 -11.535293579 -0.127732396 0.977064073 0.170382708 0.299721271 0.060102925 0.179099590 -0.981993496 -1.233873487
-0.989985883 -0.115191899 -0.081601217 -11.535293579 -0.127732396 0.977064073 0.170382708 0.299721271 0.060102925 0.179099590 -0.981993496 -1.233873487
-0.989985883 -0.115191899 -0.081601217 -11.535293579 -0.127732396 0.977064073 0.170382708 0.299721271 0.060102925 0.179099590 -0.981993496 -1.233873487
-0.989985883 -0.115191899 -0.081601217 -11.535293579 -0.127732396 0.977064073 0.170382708 0.299721271 0.060102925 0.179099590 -0.981993496 -1.233873487
-0.989985883 -0.115191899 -0.081601217 -11.535293579 -0.127732396 0.977064073 0.170382708 0.299721271 0.060102925 0.179099590 -0.981993496 -1.233873487
-0.989985883 -0.115191899 -0.081601217 -11.535293579 -0.127732396 0.977064073 0.170382708 0.299721271 0.060102925 0.179099590 -0.981993496 -1.233873487
-0.989985883 -0.115191899 -0.081601217 -11.535293579 -0.127732396 0.977064073 0.170382708 0.299721271 0.060102925 0.179099590 -0.981993496 -1.233873487
-0.989985883 -0.115191899 -0.081601217 -11.535293579 -0.127732396 0.977064073 0.170382708 0.299721271 0.060102925 0.179099590 -0.981993496 -1.233873487
-0.989985883 -0.115191899 -0.081601217 -11.535293579 -0.127732396 0.977064073 0.170382708 0.299721271 0.060102925 0.179099590 -0.981993496 -1.233873487
-0.989985883 -0.115191899 -0.081601217 -11.535293579 -0.127732396 0.977064073 0.170382708 0.299721271 0.060102925 0.179099590 -0.981993496 -1.233873487
-0.989985883 -0.115191899 -0.081601217 -11.535293579 -0.127732396 0.977064073 0.170382708 0.299721271 0.060102925 0.179099590 -0.981993496 -1.233873487
-0.989985883 -0.115191899 -0.081601217 -11.535293579 -0.127732396 0.977064073 0.170382708 0.299721271 0.060102925 0.179099590 -0.981993496 -1.233873487
-0.989985883 -0.115191899 -0.081601217 -11.535293579 -0.127732396 0.977064073 0.170382708 0.299721271 0.060102925 0.179099590 -0.981993496 -1.233873487
-0.989985883 -0.115191899 -0.081601217 -11.535293579 -0.127732396 0.977064073 0.170382708 0.299721271 0.060102925 0.179099590 -0.981993496 -1.233873487
-0.989985883 -0.115191899 -0.081601217 -11.535293579 -0.127732396 0.977064073 0.170382708 0.299721271 0.060102925 0.179099590 -0.981993496 -1.233873487
0.986919403 0.161153451 0.004452273 -0.463355929 -0.161145627 0.985309303 0.056548331 0.351247072 0.004726112 -0.056526087 0.998389900 -0.154520184
0.965784311 0.153074235 -0.209353581 -0.867040217 -0.140245289 0.987279832 0.074899115 0.361759782 0.218155712 -0.042975523 0.974967301 0.161892533
0.879947543 0.187713683 -0.436412513 -1.428631425 -0.178331196 0.981964529 0.062798560 0.327387571 0.440329760 0.022566525 0.897552490 0.333036602
0.916347802 0.196572855 -0.348806322 -2.154378891 -0.204961345 0.978682518 0.013091929 0.254641801 0.343944192 0.059495054 0.937103391 0.457965136
0.943234444 0.208869502 -0.258229226 -2.865542173 -0.226197258 0.973301589 -0.038973100 0.176674664 0.243194684 0.095171511 0.965297282 0.647111118
0.734218121 0.171906471 -0.656789064 -3.515530109 -0.199859053 0.979272485 0.032892033 0.261040151 0.648829758 0.107115313 0.753356695 0.522197604
0.612406731 0.170268089 -0.771988809 -4.723567963 -0.193223670 0.979150593 0.062677883 0.301394582 0.766565502 0.110782161 0.632538319 0.564041018
0.573683023 0.161044359 -0.803089321 -5.761205196 -0.188160077 0.980170429 0.062143341 0.237221539 0.797172189 0.115458772 0.592609286 0.723239899
0.551831424 0.201814413 -0.809168100 -6.706885815 -0.252994031 0.965063751 0.068160996 0.306981802 0.794654667 0.167101309 0.583610415 0.921403408
0.614802182 0.179992184 -0.767867923 -7.479782104 -0.225991264 0.972988486 0.047131039 0.223818839 0.755609870 0.144555151 0.638872147 1.124866962
0.553816974 0.183026642 -0.812273443 -8.111192703 -0.200067759 0.976212502 0.083558083 0.239646494 0.808244765 0.116233811 0.577260852 1.324647903
0.466810375 0.185160890 -0.864756346 -9.018517494 -0.243204817 0.967011034 0.075769432 0.252439618 0.850258470 0.174942970 0.496442825 1.557093859
0.546684623 0.178525284 -0.818085968 -9.920542717 -0.231864899 0.971078396 0.056968454 0.181043983 0.804595947 0.158541650 0.572267354 1.764220476
0.455309570 0.166362122 -0.874652386 -10.702780724 -0.204070315 0.975734472 0.079357341 0.225773633 0.866630554 0.142358422 0.478210747 1.882793427
0.327593833 0.153813526 -0.932214379 -11.753070831 -0.239810959 0.967885077 0.075426057 0.228576303 0.913878024 0.198846132 0.353959322 1.822359562
0.128730357 0.091735952 -0.987427413 -12.543958664 -0.225043073 0.972437263 0.061004572 0.154654384 0.965807498 0.214360535 0.145826742 1.536487341
-0.153424382 -0.192849770 -0.969159365 -13.242760658 -0.636208117 0.769732475 -0.052450500 0.495156825 0.756108642 0.608539879 -0.240788370 1.120774269
-0.402116060 0.062175423 -0.913475156 -13.001066208 -0.233070895 0.957873821 0.167796314 0.229263544 0.885426819 0.280378073 -0.370685190 0.633561611
-0.670648336 -0.048650078 -0.740178287 -12.879434586 -0.249359414 0.954561293 0.163194448 0.265256524 0.698606193 0.294016570 -0.652306437 -0.018757343
-0.964765012 -0.151959091 -0.214794964 -13.495093346 -0.129987285 0.985050857 -0.113039151 2.141012907 0.228761315 -0.081135631 -0.970095575 0.815897226
-0.964765012 -0.151959091 -0.214794964 -13.495093346 -0.129987285 0.985050857 -0.113039151 2.141012907 0.228761315 -0.081135631 -0.970095575 0.815897226
-0.964765012 -0.151959091 -0.214794964 -13.495093346 -0.129987285 0.985050857 -0.113039151 2.141012907 0.228761315 -0.081135631 -0.970095575 0.815897226
-0.964765012 -0.151959091 -0.214794964 -13.495093346 -0.129987285 0.985050857 -0.113039151 2.141012907 0.228761315 -0.081135631 -0.970095575 0.815897226
-0.964765012 -0.151959091 -0.214794964 -13.495093346 -0.129987285 0.985050857 -0.113039151 2.141012907 0.228761315 -0.081135631 -0.970095575 0.815897226
-0.964765012 -0.151959091 -0.214794964 -13.495093346 -0.129987285 0.985050857 -0.113039151 2.141012907 0.228761315 -0.081135631 -0.970095575 0.815897226
-0.964765012 -0.151959091 -0.214794964 -13.495093346 -0.129987285 0.985050857 -0.113039151 2.141012907 0.228761315 -0.081135631 -0.970095575 0.815897226
-0.964765012 -0.151959091 -0.214794964 -13.495093346 -0.129987285 0.985050857 -0.113039151 2.141012907 0.228761315 -0.081135631 -0.970095575 0.815897226
-0.964765012 -0.151959091 -0.214794964 -13.495093346 -0.129987285 0.985050857 -0.113039151 2.141012907 0.228761315 -0.081135631 -0.970095575 0.815897226
-0.964765012 -0.151959091 -0.214794964 -13.495093346 -0.129987285 0.985050857 -0.113039151 2.141012907 0.228761315 -0.081135631 -0.970095575 0.815897226
-0.964765012 -0.151959091 -0.214794964 -13.495093346 -0.129987285 0.985050857 -0.113039151 2.141012907 0.228761315 -0.081135631 -0.970095575 0.815897226
-0.964765012 -0.151959091 -0.214794964 -13.495093346 -0.129987285 0.985050857 -0.113039151 2.141012907 0.228761315 -0.081135631 -0.970095575 0.815897226
-0.964765012 -0.151959091 -0.214794964 -13.495093346 -0.129987285 0.985050857 -0.113039151 2.141012907 0.228761315 -0.081135631 -0.970095575 0.815897226
-0.964765012 -0.151959091 -0.214794964 -13.495093346 -0.129987285 0.985050857 -0.113039151 2.141012907 0.228761315 -0.081135631 -0.970095575 0.815897226
-0.964765012 -0.151959091 -0.214794964 -13.495093346 -0.129987285 0.985050857 -0.113039151 2.141012907 0.228761315 -0.081135631 -0.970095575 0.815897226
-0.964765012 -0.151959091 -0.214794964 -13.495093346 -0.129987285 0.985050857 -0.113039151 2.141012907 0.228761315 -0.081135631 -0.970095575 0.815897226
-0.964765012 -0.151959091 -0.214794964 -13.495093346 -0.129987285 0.985050857 -0.113039151 2.141012907 0.228761315 -0.081135631 -0.970095575 0.815897226
-0.964765012 -0.151959091 -0.214794964 -13.495093346 -0.129987285 0.985050857 -0.113039151 2.141012907 0.228761315 -0.081135631 -0.970095575 0.815897226
-0.964765012 -0.151959091 -0.214794964 -13.495093346 -0.129987285 0.985050857 -0.113039151 2.141012907 0.228761315 -0.081135631 -0.970095575 0.815897226
-0.964765012 -0.151959091 -0.214794964 -13.495093346 -0.129987285 0.985050857 -0.113039151 2.141012907 0.228761315 -0.081135631 -0.970095575 0.815897226
-0.964765012 -0.151959091 -0.214794964 -13.495093346 -0.129987285 0.985050857 -0.113039151 2.141012907 0.228761315 -0.081135631 -0.970095575 0.815897226
-0.964765012 -0.151959091 -0.214794964 -13.495093346 -0.129987285 0.985050857 -0.113039151 2.141012907 0.228761315 -0.081135631 -0.970095575 0.815897226
-0.964765012 -0.151959091 -0.214794964 -13.495093346 -0.129987285 0.985050857 -0.113039151 2.141012907 0.228761315 -0.081135631 -0.970095575 0.815897226
